35 0.305859 0.7625 0.0226563 0.0611111
38 0.306641 0.784028 0.0226563 0.104167
35 0.194141 0.758333 0.0226563 0.0722222
35 0.326172 0.0666667 0.0210938 0.0527778
35 0.323047 0.0701389 0.128906 0.0847222
32 0.193359 0.763889 0.0226563 0.0555556
0 0.483594 0.758333 0.145313 0.216667
34 0.433984 0.195833 0.0179687 0.180556
32 0.250781 0.522917 0.0328125 0.0597222
0 0.457031 0.795833 0.084375 0.138889
0 0.250391 0.68125 0.136719 0.379167
0 0.526563 0.717361 0.140625 0.281944
0 0.469531 0.330556 0.0859375 0.347222
0 0.31875 0.0854167 0.128125 0.170833
