56 0.7875 0.502778 0.03125 0.0694444
56 0.317578 0.485417 0.0414063 0.0513889
56 0.075 0.240972 0.0296875 0.0652778
0 0.789844 0.457639 0.03125 0.129167
56 0.121484 0.240972 0.0304688 0.0708333
0 0.365625 0.431944 0.028125 0.130556
0 0.629687 0.465972 0.034375 0.1375
0 0.131641 0.155556 0.0414063 0.147222
56 0.206641 0.247222 0.0304688 0.0722222
0 0.925781 0.456944 0.0359375 0.102778
0 0.761719 0.461111 0.0421875 0.147222
0 0.728125 0.465278 0.034375 0.125
0 0.602344 0.463194 0.0390625 0.145833
0 0.817187 0.470833 0.04375 0.125
0 0.475781 0.425694 0.0375 0.143056
0 0.441406 0.460417 0.0390625 0.134722
0 0.273047 0.443056 0.0367187 0.213889
0 0.308203 0.363889 0.0398437 0.172222
